Lost,5,4,7,49
Lost,5,4,7,50
Lost,5,4,7,51
Lost,5,4,7,52
Lost,5,4,7,53
Lost,5,4,7,54
Lost,5,4,7,55
Lost,5,4,7,56
Lost,5,4,7,57
Lost,5,4,7,58
Lost,5,4,7,59
Lost,5,4,7,60
Lost,5,4,7,61
Lost,5,4,7,62
Lost,5,4,7,63
Lost,5,4,7,64
Lost,5,4,7,65
Lost,5,4,7,66
Lost,5,4,7,68
Lost,5,4,7,69
Lost,5,4,7,70
Lost,5,4,7,71
Lost,5,4,7,72
Lost,5,4,7,73
Lost,5,4,7,74
Lost,5,4,7,75
Lost,5,4,7,76
Lost,5,4,7,77
Lost,5,4,7,78
Lost,5,4,7,80
Lost,5,4,7,81
Lost,5,4,7,82
Lost,5,4,7,83
Lost,5,4,7,84
Lost,5,4,7,85
Lost,5,4,7,86
Lost,5,4,7,87
Lost,5,4,7,88
Lost,5,12,15,1
Lost,5,12,15,2
Lost,5,12,15,3
Lost,5,12,15,4
Lost,5,12,15,5
Lost,5,12,15,6
Lost,5,12,15,7
Lost,5,12,15,8
Lost,5,12,15,9
Lost,5,12,15,10
Lost,5,12,15,11
Lost,5,12,15,12
Lost,5,12,15,13
Lost,5,12,15,14
Lost,5,12,15,15
Lost,5,12,15,16
Lost,5,12,15,17
Lost,5,12,15,18
Lost,5,12,15,19
Lost,5,12,15,20
Lost,5,12,15,21
Lost,5,12,15,22
Lost,5,12,15,23
Lost,5,12,15,24
Lost,5,12,15,25
Lost,5,12,15,26
Lost,5,12,15,27
Lost,5,12,15,29
Lost,5,12,15,30
Lost,5,12,15,31
Lost,5,12,15,32
Lost,5,12,15,33
Lost,5,12,15,34
Lost,5,12,15,35
Lost,5,12,15,36
Lost,5,12,15,37
Lost,5,12,15,38
Lost,5,12,15,39
Lost,5,12,15,40
Lost,5,12,15,41
Lost,5,12,15,43
Lost,5,12,15,44
Lost,5,12,15,45
Lost,5,12,15,46
Lost,5,12,15,47
Lost,5,12,15,48
Lost,5,12,15,49
Lost,5,12,15,50
Lost,5,12,15,51
Lost,5,12,15,52
Lost,5,12,15,53
Lost,5,12,15,54
Lost,5,12,15,55
Lost,5,12,15,56
Lost,5,12,15,57
Lost,5,12,15,58
Lost,5,12,15,59
Lost,5,12,15,60
Lost,5,12,15,61
Lost,5,12,15,62
Lost,5,12,15,63
Lost,5,12,15,64
Lost,5,12,15,66
Lost,5,12,15,67
Lost,5,12,15,68
Lost,5,12,15,69
Lost,5,12,15,70
Lost,5,12,15,71
Lost,5,12,15,72
Lost,5,12,15,73
Lost,5,12,15,74
Lost,5,12,15,75
Lost,5,12,15,76
Lost,5,12,15,77
Lost,5,12,15,78
Lost,5,12,15,79
Lost,5,12,15,81
Lost,5,12,15,82
Lost,5,12,15,83
Lost,5,12,15,84
Lost,5,12,15,85
Lost,5,12,15,86
Lost,5,12,15,87
Lost,5,12,15,88
Lost,5,12,15,89
Lost,5,12,15,1
Lost,5,12,15,2
Lost,5,12,15,3
Lost,5,12,15,4
Lost,5,12,15,5
Lost,5,12,15,6
Lost,5,12,15,7
Lost,5,12,15,8
Lost,5,12,15,9
Lost,5,12,15,10
Lost,5,12,15,11
Lost,5,12,15,12
Lost,5,12,15,13
Lost,5,12,15,14
Lost,5,12,15,15
Lost,5,12,15,16
Lost,5,12,15,17
Lost,5,12,15,18
Lost,5,12,15,19
Lost,5,12,15,20
Lost,5,12,15,21
Lost,5,12,15,22
Lost,5,12,15,23
Lost,5,12,15,24
Lost,5,12,15,25
Lost,5,12,15,26
Lost,5,12,15,27
Lost,5,12,15,29
Lost,5,12,15,30
Lost,5,12,15,31
Lost,5,12,15,32
Lost,5,12,15,33
Lost,5,12,15,34
Lost,5,12,15,35
Lost,5,12,15,36
Lost,5,12,15,37
Lost,5,12,15,38
Lost,5,12,15,39
Lost,5,12,15,40
Lost,5,12,15,41
Lost,5,12,15,43
Lost,5,12,15,44
Lost,5,12,15,45
Lost,5,12,15,46
Lost,5,12,15,47
Lost,5,12,15,48
Lost,5,12,15,49
Lost,5,12,15,50
Lost,5,12,15,51
Lost,5,12,15,52
Lost,5,12,15,53
Lost,5,12,15,54
Lost,5,12,15,55
Lost,5,12,15,56
Lost,5,12,15,57
Lost,5,12,15,58
Lost,5,12,15,59
Lost,5,12,15,60
Lost,5,12,15,61
Lost,5,12,15,62
Lost,5,12,15,63
Lost,5,12,15,64
Lost,5,12,15,66
Lost,5,12,15,67
Lost,5,12,15,68
Lost,5,12,15,69
Lost,5,12,15,70
Lost,5,12,15,71
Lost,5,12,15,72
Lost,5,12,15,73
Lost,5,12,15,74
Lost,5,12,15,75
Lost,5,12,15,76
Lost,5,12,15,77
Lost,5,12,15,78
Lost,5,12,15,79
Lost,5,12,15,81
Lost,5,12,15,82
Lost,5,12,15,83
Lost,5,12,15,84
Lost,5,12,15,85
Lost,5,12,15,86
Lost,5,12,15,87
Lost,5,12,15,88
Lost,5,12,15,89
Lost,6,5,8,4
Lost,6,5,8,5
Lost,6,5,8,6
Lost,6,5,8,7
Lost,6,5,8,8
Lost,6,5,8,9
Lost,6,5,8,10
Lost,6,5,8,11
Lost,6,5,8,12
Lost,6,5,8,13
Lost,6,5,8,14
Lost,6,5,8,15
Lost,6,5,8,16
Lost,6,5,8,17
Lost,6,5,8,18
Lost,6,5,8,19
Lost,6,5,8,20
Lost,6,5,8,22
Lost,6,5,8,23
Lost,6,5,8,24
Lost,6,5,8,25
Lost,6,5,8,26
Lost,6,5,8,27
Lost,6,5,8,28
Lost,6,5,8,29
Lost,6,5,8,30
Lost,6,5,8,31
Lost,6,5,8,32
Lost,6,5,8,33
Lost,6,5,8,34
Lost,6,5,8,35
Lost,6,5,8,36
Lost,6,5,8,37
Lost,6,5,8,38
Lost,6,5,8,39
Lost,6,5,8,40
Lost,6,5,8,41
Lost,6,5,8,42
Lost,6,5,8,43
Lost,6,5,8,45
Lost,6,5,8,46
Lost,6,5,8,47
Lost,6,5,8,48
Lost,6,5,8,49
Lost,6,5,8,50
Lost,6,5,8,51
Lost,6,5,8,52
Lost,6,5,8,53
Lost,6,5,8,54
Lost,6,5,8,55
Lost,6,5,8,56
Lost,6,5,8,57
Lost,6,5,8,58
Lost,6,5,8,59
Lost,6,5,8,60
Lost,6,5,8,61
Lost,6,5,8,62
Lost,6,5,8,63
Lost,6,5,8,65
Lost,6,5,8,66
Lost,6,5,8,67
Lost,6,5,8,68
Lost,6,5,8,69
Lost,6,5,8,70
Lost,6,5,8,71
Lost,6,5,8,72
Lost,6,5,8,73
Lost,6,5,8,74
Lost,6,5,8,75
Lost,6,5,8,76
Lost,6,5,8,77
Lost,6,5,8,78
Lost,6,5,8,79
Lost,6,5,8,80
Lost,6,9,12,4
Lost,6,9,12,5
Lost,6,9,12,6
Lost,6,9,12,7
Lost,6,9,12,8
Lost,6,9,12,9
Lost,6,9,12,10
Lost,6,9,12,11
Lost,6,9,12,12
Lost,6,9,12,13
Lost,6,9,12,14
Lost,6,9,12,15
Lost,6,9,12,16
Lost,6,9,12,17
Lost,6,9,12,18
Lost,6,9,12,19
Lost,6,9,12,20
Lost,6,9,12,21
